# もしtarget analysisをRmdとして出力したいなら取り組みましょう

target_num <- c(188, 255, 335, 368, 407, 523, 945, 948, 1092, 1147, 1279, 1290,
                1317, 1358, 1396, 1512, 1516, 1590, 1600, 1691, 1787, 1874, 1929,
                1935, 1952, 2016, 2034, 2090, 2270, 2273, 2449, 2517, 2556, 2621,
                2796, 2883, 2907, 2965, 3048, 3143, 3148, 3239, 3261, 3337, 3492,
                3575, 3855, 4231, 4253, 4369, 4420, 4430, 4606, 5086, 5088, 5126,
                5168, 5174, 5258, 5425, 5427, 5525, 5581, 5591, 5707, 5804, 5847,
                6063, 6140, 6239, 6395, 6462, 6508, 6516, 6534, 6564, 6567, 6581,
                6594, 6683, 6913)
